Iteration 	 Mean deviation (m) 	 Maximum deviation (m) 	 Mean deviation (%) 	 Maximum deviation (%)
1 	 0.997909 	 1.172672 	 150.407883 	 176.748692
2 	 0.910235 	 0.957414 	 137.193397 	 144.304286
3 	 0.446197 	 0.799056 	 67.252181 	 120.436183
4 	 0.224989 	 0.401955 	 33.910990 	 60.583879
5 	 0.014874 	 0.033972 	 2.241910 	 5.120354
6 	 0.008400 	 0.024833 	 1.266001 	 3.742866
7 	 0.005175 	 0.013403 	 0.779959 	 2.020092
8 	 0.005974 	 0.014533 	 0.900352 	 2.190464
9 	 0.004950 	 0.011649 	 0.746078 	 1.755704
10 	 0.003439 	 0.009901 	 0.518315 	 1.492337
11 	 0.006246 	 0.015238 	 0.941405 	 2.296739
12 	 0.008013 	 0.023938 	 1.207698 	 3.608047
13 	 0.003663 	 0.009339 	 0.552154 	 1.407616
14 	 0.002219 	 0.005699 	 0.334436 	 0.859002
15 	 0.001916 	 0.004673 	 0.288732 	 0.704358
16 	 0.001798 	 0.003697 	 0.270940 	 0.557255
17 	 0.002225 	 0.004665 	 0.335349 	 0.703150
18 	 0.001265 	 0.003717 	 0.190601 	 0.560270
19 	 0.001208 	 0.003001 	 0.182119 	 0.452372
20 	 0.001088 	 0.002968 	 0.163952 	 0.447337
21 	 0.003035 	 0.007053 	 0.457408 	 1.063011
22 	 0.003793 	 0.007953 	 0.571766 	 1.198676
23 	 0.001947 	 0.005265 	 0.293468 	 0.793550
24 	 0.000754 	 0.002555 	 0.113571 	 0.385038
25 	 0.000731 	 0.002516 	 0.110122 	 0.379173
26 	 0.000720 	 0.002449 	 0.108564 	 0.369164
27 	 0.000724 	 0.002455 	 0.109121 	 0.370099
28 	 0.000718 	 0.002505 	 0.108272 	 0.377580
29 	 0.000717 	 0.002488 	 0.108105 	 0.375068
30 	 0.000718 	 0.002484 	 0.108227 	 0.374460
31 	 0.002546 	 0.005390 	 0.383762 	 0.812429
32 	 0.000839 	 0.002411 	 0.126434 	 0.363392
33 	 0.005534 	 0.012674 	 0.834125 	 1.910274
34 	 0.000650 	 0.002077 	 0.098010 	 0.313102
35 	 0.000621 	 0.001993 	 0.093578 	 0.300353
36 	 0.000598 	 0.002019 	 0.090195 	 0.304255
37 	 0.000591 	 0.001966 	 0.089099 	 0.296359
38 	 0.000591 	 0.001977 	 0.089003 	 0.297915
39 	 0.000591 	 0.001978 	 0.089015 	 0.298159
40 	 0.000591 	 0.001976 	 0.089064 	 0.297787
41 	 0.001546 	 0.002738 	 0.232989 	 0.412615
42 	 0.000552 	 0.001602 	 0.083215 	 0.241461
43 	 0.000799 	 0.002135 	 0.120401 	 0.321861
44 	 0.000607 	 0.001622 	 0.091515 	 0.244536
45 	 0.000553 	 0.001793 	 0.083344 	 0.270292
46 	 0.000527 	 0.001693 	 0.079401 	 0.255218
47 	 0.000530 	 0.001692 	 0.079872 	 0.255085
48 	 0.000530 	 0.001691 	 0.079920 	 0.254844
49 	 0.000530 	 0.001693 	 0.079895 	 0.255131
50 	 0.000530 	 0.001693 	 0.079885 	 0.255193
51 	 0.001428 	 0.003097 	 0.215285 	 0.466723
52 	 0.000483 	 0.001554 	 0.072725 	 0.234186
53 	 0.000482 	 0.001549 	 0.072664 	 0.233515
54 	 0.000482 	 0.001497 	 0.072704 	 0.225668
55 	 0.000482 	 0.001465 	 0.072594 	 0.220771
56 	 0.000483 	 0.001433 	 0.072853 	 0.216042
57 	 0.000483 	 0.001418 	 0.072866 	 0.213757
58 	 0.000483 	 0.001424 	 0.072796 	 0.214621
59 	 0.000483 	 0.001426 	 0.072763 	 0.214920
60 	 0.000481 	 0.001434 	 0.072558 	 0.216098
61 	 0.000637 	 0.001676 	 0.096050 	 0.252648
62 	 0.000451 	 0.001404 	 0.067997 	 0.211628
63 	 0.000457 	 0.001318 	 0.068856 	 0.198621
64 	 0.000454 	 0.001335 	 0.068477 	 0.201287
65 	 0.000450 	 0.001327 	 0.067872 	 0.200031
66 	 0.000447 	 0.001328 	 0.067374 	 0.200224
67 	 0.000446 	 0.001335 	 0.067295 	 0.201282
68 	 0.000448 	 0.001347 	 0.067550 	 0.203091
69 	 0.000449 	 0.001355 	 0.067745 	 0.204278
70 	 0.000450 	 0.001357 	 0.067763 	 0.204475
71 	 0.000598 	 0.001558 	 0.090072 	 0.234798
72 	 0.000430 	 0.001359 	 0.064841 	 0.204887
73 	 0.000427 	 0.001342 	 0.064320 	 0.202276
74 	 0.000427 	 0.001326 	 0.064314 	 0.199887
75 	 0.000427 	 0.001341 	 0.064367 	 0.202143
76 	 0.000429 	 0.001349 	 0.064622 	 0.203335
77 	 0.000429 	 0.001349 	 0.064613 	 0.203364
78 	 0.000429 	 0.001349 	 0.064604 	 0.203352
79 	 0.000428 	 0.001350 	 0.064547 	 0.203500
80 	 0.000427 	 0.001356 	 0.064284 	 0.204390
81 	 0.000409 	 0.001361 	 0.061657 	 0.205118
82 	 0.000414 	 0.001350 	 0.062450 	 0.203543
83 	 0.000408 	 0.001376 	 0.061542 	 0.207334
84 	 0.000410 	 0.001361 	 0.061753 	 0.205150
85 	 0.000411 	 0.001353 	 0.061909 	 0.203930
86 	 0.000413 	 0.001336 	 0.062278 	 0.201377
87 	 0.000414 	 0.001334 	 0.062332 	 0.201068
88 	 0.000413 	 0.001335 	 0.062320 	 0.201244
89 	 0.000413 	 0.001337 	 0.062293 	 0.201469
90 	 0.000413 	 0.001339 	 0.062240 	 0.201783
91 	 0.000436 	 0.001415 	 0.065749 	 0.213259
92 	 0.000406 	 0.001350 	 0.061178 	 0.203532
93 	 0.000405 	 0.001321 	 0.061011 	 0.199045
94 	 0.000407 	 0.001296 	 0.061415 	 0.195278
95 	 0.000408 	 0.001287 	 0.061538 	 0.193917
96 	 0.000411 	 0.001250 	 0.062000 	 0.188335
97 	 0.000413 	 0.001236 	 0.062188 	 0.186305
98 	 0.000411 	 0.001231 	 0.062009 	 0.185590
99 	 0.000410 	 0.001232 	 0.061822 	 0.185734
100 	 0.000410 	 0.001233 	 0.061783 	 0.185799
101 	 0.001160 	 0.003363 	 0.174896 	 0.506884
102 	 0.000398 	 0.001246 	 0.060029 	 0.187732
103 	 0.000405 	 0.001258 	 0.061108 	 0.189606
104 	 0.000401 	 0.001252 	 0.060456 	 0.188756
105 	 0.000401 	 0.001250 	 0.060502 	 0.188440
106 	 0.000402 	 0.001247 	 0.060581 	 0.187887
107 	 0.000402 	 0.001247 	 0.060604 	 0.187952
108 	 0.000402 	 0.001247 	 0.060625 	 0.188009
109 	 0.000403 	 0.001249 	 0.060678 	 0.188214
110 	 0.000403 	 0.001250 	 0.060724 	 0.188394
111 	 0.000399 	 0.001274 	 0.060083 	 0.192081
112 	 0.000396 	 0.001259 	 0.059619 	 0.189749
113 	 0.000395 	 0.001256 	 0.059574 	 0.189325
114 	 0.000395 	 0.001254 	 0.059574 	 0.189054
115 	 0.000395 	 0.001255 	 0.059567 	 0.189134
