# LRN-OGV baseline blade, 322 points in metres, in the order of the mesh template
# Source: aero_optim/mesh/templates/cascade_mattia.geo, Point(1..322)
-7.450000000000e-07 -8.310000000000e-07
-2.647700000000e-05 2.682200000000e-05
-4.806500000000e-05 5.900400000000e-05
-6.583200000000e-05 9.525200000000e-05
-8.010100000000e-05 1.351060000000e-04
-9.119400000000e-05 1.781050000000e-04
-9.943600000000e-05 2.237870000000e-04
-1.051490000000e-04 2.716930000000e-04
-1.082660000000e-04 3.158410000000e-04
-1.097740000000e-04 3.553140000000e-04
-1.101260000000e-04 3.895260000000e-04
-1.094350000000e-04 4.239190000000e-04
-1.075990000000e-04 4.582920000000e-04
-1.045130000000e-04 4.924470000000e-04
-1.000760000000e-04 5.261850000000e-04
-9.418400000000e-05 5.593060000000e-04
-8.803700000000e-05 5.859570000000e-04
-8.239800000000e-05 6.064690000000e-04
-7.794500000000e-05 6.212470000000e-04
-7.320100000000e-05 6.358300000000e-04
-6.820900000000e-05 6.502360000000e-04
-6.301100000000e-05 6.644810000000e-04
-5.765000000000e-05 6.785840000000e-04
-5.216700000000e-05 6.925610000000e-04
-4.836000000000e-05 7.020500000000e-04
-4.630400000000e-05 7.071420000000e-04
-4.595500000000e-05 7.080060000000e-04
-4.549600000000e-05 7.091410000000e-04
-4.487100000000e-05 7.106840000000e-04
-4.402600000000e-05 7.127710000000e-04
-4.290600000000e-05 7.155390000000e-04
-4.145500000000e-05 7.191220000000e-04
-3.961800000000e-05 7.236580000000e-04
-3.734100000000e-05 7.292830000000e-04
-3.467100000000e-05 7.358640000000e-04
-3.165900000000e-05 7.432730000000e-04
-2.835200000000e-05 7.513760000000e-04
-2.479900000000e-05 7.600430000000e-04
-2.104900000000e-05 7.691440000000e-04
-1.715100000000e-05 7.785460000000e-04
1.083100000000e-05 8.455610000000e-04
6.940100000000e-05 9.751980000000e-04
1.732360000000e-04 1.178462000000e-03
2.952050000000e-04 1.394928000000e-03
4.352080000000e-04 1.624000000000e-03
5.931460000000e-04 1.865083000000e-03
7.689200000000e-04 2.117584000000e-03
9.624300000000e-04 2.380907000000e-03
1.177281000000e-03 2.659258000000e-03
1.414468000000e-03 2.952642000000e-03
1.674752000000e-03 3.260980000000e-03
1.953762000000e-03 3.578607000000e-03
2.251142000000e-03 3.904829000000e-03
2.566540000000e-03 4.238954000000e-03
2.899601000000e-03 4.580290000000e-03
3.249971000000e-03 4.928142000000e-03
3.617298000000e-03 5.281818000000e-03
4.001226000000e-03 5.640626000000e-03
4.401705000000e-03 6.004167000000e-03
4.818683000000e-03 6.372045000000e-03
5.252109000000e-03 6.743863000000e-03
5.701931000000e-03 7.119222000000e-03
6.168098000000e-03 7.497727000000e-03
6.650558000000e-03 7.878978000000e-03
7.149260000000e-03 8.262580000000e-03
7.664152000000e-03 8.648136000000e-03
8.195102000000e-03 9.035159000000e-03
8.741979000000e-03 9.423166000000e-03
9.304650000000e-03 9.811671000000e-03
9.882984000000e-03 1.020019000000e-02
1.047685000000e-02 1.058824000000e-02
1.108611000000e-02 1.097533000000e-02
1.171064000000e-02 1.136099000000e-02
1.235030000000e-02 1.174472000000e-02
1.300497000000e-02 1.212604000000e-02
1.367450000000e-02 1.250446000000e-02
1.435878000000e-02 1.287951000000e-02
1.505766000000e-02 1.325070000000e-02
1.577102000000e-02 1.361753000000e-02
1.649871000000e-02 1.397953000000e-02
1.724062000000e-02 1.433622000000e-02
1.799661000000e-02 1.468710000000e-02
1.876654000000e-02 1.503170000000e-02
1.955029000000e-02 1.536952000000e-02
2.034772000000e-02 1.570009000000e-02
2.115870000000e-02 1.602292000000e-02
2.198310000000e-02 1.633752000000e-02
2.282079000000e-02 1.664341000000e-02
2.367163000000e-02 1.694011000000e-02
2.453549000000e-02 1.722712000000e-02
2.541167000000e-02 1.750447000000e-02
2.629945000000e-02 1.777216000000e-02
2.719813000000e-02 1.803019000000e-02
2.810700000000e-02 1.827859000000e-02
2.902535000000e-02 1.851735000000e-02
2.995246000000e-02 1.874650000000e-02
3.088764000000e-02 1.896603000000e-02
3.183018000000e-02 1.917597000000e-02
3.277935000000e-02 1.937631000000e-02
3.373446000000e-02 1.956707000000e-02
3.469481000000e-02 1.974827000000e-02
3.565966000000e-02 1.991990000000e-02
3.662833000000e-02 2.008198000000e-02
3.760010000000e-02 2.023452000000e-02
3.857426000000e-02 2.037753000000e-02
3.955011000000e-02 2.051102000000e-02
4.052693000000e-02 2.063500000000e-02
4.150402000000e-02 2.074948000000e-02
4.248067000000e-02 2.085446000000e-02
4.345616000000e-02 2.094997000000e-02
4.442980000000e-02 2.103600000000e-02
4.540086000000e-02 2.111257000000e-02
4.636866000000e-02 2.117969000000e-02
4.733246000000e-02 2.123737000000e-02
4.829180000000e-02 2.128561000000e-02
4.924621000000e-02 2.132439000000e-02
5.019519000000e-02 2.135373000000e-02
5.113828000000e-02 2.137361000000e-02
5.207499000000e-02 2.138403000000e-02
5.300486000000e-02 2.138499000000e-02
5.392739000000e-02 2.137649000000e-02
5.484212000000e-02 2.135851000000e-02
5.574782000000e-02 2.133108000000e-02
5.664326000000e-02 2.129419000000e-02
5.752722000000e-02 2.124785000000e-02
5.839847000000e-02 2.119208000000e-02
5.925578000000e-02 2.112687000000e-02
6.009793000000e-02 2.105223000000e-02
6.090993000000e-02 2.096958000000e-02
6.169157000000e-02 2.087946000000e-02
6.244174000000e-02 2.078284000000e-02
6.317184000000e-02 2.067859000000e-02
6.387978000000e-02 2.056717000000e-02
6.456347000000e-02 2.044900000000e-02
6.522081000000e-02 2.032452000000e-02
6.584973000000e-02 2.019417000000e-02
6.625916000000e-02 2.010127000000e-02
6.647330000000e-02 2.005027000000e-02
6.650350000000e-02 2.004305000000e-02
6.653303000000e-02 2.003597000000e-02
6.656158000000e-02 2.002910000000e-02
6.658886000000e-02 2.002251000000e-02
6.661457000000e-02 2.001630000000e-02
6.663843000000e-02 2.001053000000e-02
6.666736000000e-02 2.000352000000e-02
6.669739000000e-02 1.999624000000e-02
6.672486000000e-02 1.998959000000e-02
6.674497000000e-02 1.998472000000e-02
6.675896000000e-02 1.998133000000e-02
6.676805000000e-02 1.997913000000e-02
6.677346000000e-02 1.997782000000e-02
6.677642000000e-02 1.997710000000e-02
6.678857000000e-02 1.997416000000e-02
6.681118000000e-02 1.996866000000e-02
6.684418000000e-02 1.996023000000e-02
6.687694000000e-02 1.995108000000e-02
6.690927000000e-02 1.994088000000e-02
6.694098000000e-02 1.992932000000e-02
6.697188000000e-02 1.991605000000e-02
6.700178000000e-02 1.990076000000e-02
6.704106000000e-02 1.987662000000e-02
6.708717000000e-02 1.983877000000e-02
6.713623000000e-02 1.978283000000e-02
6.717771000000e-02 1.971859000000e-02
6.721089000000e-02 1.964784000000e-02
6.723507000000e-02 1.957236000000e-02
6.724951000000e-02 1.949392000000e-02
6.725350000000e-02 1.941432000000e-02
6.724632000000e-02 1.933532000000e-02
6.722725000000e-02 1.925871000000e-02
6.719756000000e-02 1.918586000000e-02
6.715851000000e-02 1.911816000000e-02
6.711138000000e-02 1.905699000000e-02
6.705742000000e-02 1.900372000000e-02
6.699792000000e-02 1.895974000000e-02
6.693412000000e-02 1.892642000000e-02
6.687845000000e-02 1.890869000000e-02
6.683303000000e-02 1.890122000000e-02
6.679857000000e-02 1.889855000000e-02
6.676376000000e-02 1.889838000000e-02
6.672862000000e-02 1.890028000000e-02
6.669319000000e-02 1.890383000000e-02
6.665753000000e-02 1.890861000000e-02
6.662166000000e-02 1.891418000000e-02
6.659764000000e-02 1.891813000000e-02
6.658561000000e-02 1.892010000000e-02
6.639626000000e-02 1.895109000000e-02
6.600711000000e-02 1.900821000000e-02
6.539305000000e-02 1.907958000000e-02
6.474974000000e-02 1.913693000000e-02
6.407822000000e-02 1.918051000000e-02
6.337956000000e-02 1.921059000000e-02
6.265483000000e-02 1.922744000000e-02
6.190509000000e-02 1.923133000000e-02
6.113140000000e-02 1.922253000000e-02
6.033482000000e-02 1.920129000000e-02
5.951642000000e-02 1.916790000000e-02
5.867726000000e-02 1.912261000000e-02
5.781840000000e-02 1.906569000000e-02
5.694091000000e-02 1.899742000000e-02
5.604584000000e-02 1.891805000000e-02
5.513427000000e-02 1.882786000000e-02
5.420725000000e-02 1.872711000000e-02
5.326585000000e-02 1.861608000000e-02
5.231113000000e-02 1.849502000000e-02
5.134415000000e-02 1.836421000000e-02
5.036598000000e-02 1.822390000000e-02
4.937768000000e-02 1.807438000000e-02
4.838030000000e-02 1.791590000000e-02
4.737492000000e-02 1.774874000000e-02
4.636261000000e-02 1.757316000000e-02
4.534440000000e-02 1.738943000000e-02
4.432139000000e-02 1.719781000000e-02
4.329461000000e-02 1.699858000000e-02
4.226515000000e-02 1.679200000000e-02
4.123406000000e-02 1.657833000000e-02
4.020240000000e-02 1.635786000000e-02
3.917125000000e-02 1.613083000000e-02
3.814165000000e-02 1.589752000000e-02
3.711467000000e-02 1.565820000000e-02
3.609138000000e-02 1.541314000000e-02
3.507284000000e-02 1.516260000000e-02
3.406011000000e-02 1.490684000000e-02
3.305426000000e-02 1.464614000000e-02
3.205634000000e-02 1.438077000000e-02
3.106743000000e-02 1.411099000000e-02
3.008857000000e-02 1.383706000000e-02
2.912085000000e-02 1.355926000000e-02
2.816531000000e-02 1.327785000000e-02
2.722303000000e-02 1.299311000000e-02
2.629506000000e-02 1.270529000000e-02
2.538247000000e-02 1.241467000000e-02
2.448632000000e-02 1.212150000000e-02
2.360767000000e-02 1.182607000000e-02
2.274759000000e-02 1.152864000000e-02
2.190714000000e-02 1.122946000000e-02
2.108611000000e-02 1.092882000000e-02
2.028429000000e-02 1.062696000000e-02
1.950148000000e-02 1.032415000000e-02
1.873746000000e-02 1.002065000000e-02
1.799203000000e-02 9.716726000000e-03
1.726497000000e-02 9.412636000000e-03
1.655609000000e-02 9.108643000000e-03
1.586517000000e-02 8.805009000000e-03
1.519200000000e-02 8.501995000000e-03
1.453638000000e-02 8.199863000000e-03
1.389809000000e-02 7.898876000000e-03
1.327693000000e-02 7.599294000000e-03
1.267268000000e-02 7.301380000000e-03
1.208515000000e-02 7.005395000000e-03
1.151412000000e-02 6.711602000000e-03
1.095939000000e-02 6.420262000000e-03
1.042074000000e-02 6.131637000000e-03
9.897962000000e-03 5.845989000000e-03
9.390856000000e-03 5.563579000000e-03
8.899208000000e-03 5.284670000000e-03
8.422812000000e-03 5.009524000000e-03
7.961459000000e-03 4.738401000000e-03
7.514939000000e-03 4.471565000000e-03
7.083045000000e-03 4.209276000000e-03
6.665494000000e-03 3.951746000000e-03
6.262005000000e-03 3.699184000000e-03
5.872296000000e-03 3.451803000000e-03
5.496085000000e-03 3.209812000000e-03
5.133090000000e-03 2.973422000000e-03
4.783030000000e-03 2.742844000000e-03
4.445621000000e-03 2.518288000000e-03
4.120584000000e-03 2.299965000000e-03
3.807893000000e-03 2.088268000000e-03
3.507526000000e-03 1.883592000000e-03
3.219457000000e-03 1.686329000000e-03
2.943665000000e-03 1.496873000000e-03
2.680125000000e-03 1.315617000000e-03
2.428813000000e-03 1.142955000000e-03
2.193691000000e-03 9.820090000000e-04
1.974035000000e-03 8.326320000000e-04
1.769069000000e-03 6.945680000000e-04
1.574918000000e-03 5.655130000000e-04
1.391491000000e-03 4.457370000000e-04
1.218699000000e-03 3.355110000000e-04
1.056452000000e-03 2.351080000000e-04
9.046600000000e-04 1.447970000000e-04
8.078950000000e-04 9.009700000000e-05
7.577840000000e-04 6.270500000000e-05
7.507490000000e-04 5.887200000000e-05
7.439360000000e-04 5.516800000000e-05
7.374380000000e-04 5.164300000000e-05
7.313530000000e-04 4.834800000000e-05
7.257760000000e-04 4.533300000000e-05
7.208030000000e-04 4.264700000000e-05
7.165300000000e-04 4.034100000000e-05
7.130540000000e-04 3.846500000000e-05
7.102740000000e-04 3.696500000000e-05
7.080910000000e-04 3.578700000000e-05
7.064060000000e-04 3.487700000000e-05
7.051190000000e-04 3.418300000000e-05
7.041300000000e-04 3.364900000000e-05
7.033410000000e-04 3.322300000000e-05
6.985070000000e-04 3.061800000000e-05
6.895050000000e-04 2.578300000000e-05
6.762510000000e-04 1.876700000000e-05
6.628780000000e-04 1.184500000000e-05
6.493610000000e-04 5.058000000000e-06
6.356760000000e-04 -1.552000000000e-06
6.218010000000e-04 -7.944000000000e-06
6.077110000000e-04 -1.407400000000e-05
5.881040000000e-04 -2.204800000000e-05
5.625120000000e-04 -3.124000000000e-05
5.305330000000e-04 -4.092900000000e-05
4.977970000000e-04 -4.924100000000e-05
4.645050000000e-04 -5.625100000000e-05
4.308590000000e-04 -6.203300000000e-05
3.970610000000e-04 -6.666300000000e-05
3.633120000000e-04 -7.021700000000e-05
3.242310000000e-04 -7.319400000000e-05
2.803210000000e-04 -7.505300000000e-05
2.323720000000e-04 -7.469600000000e-05
1.863030000000e-04 -7.153000000000e-05
1.425460000000e-04 -6.518900000000e-05
1.015310000000e-04 -5.531200000000e-05
6.369100000000e-05 -4.153600000000e-05
2.945500000000e-05 -2.349600000000e-05
