4.026403966738107e-05 0.003178264606810089
9.999999960041972e-13 0.004100362644046247
0.0001935403402849071 0.005039726421611882
0.00063129005818836 0.005935101088370037
0.0011657884430715216 0.006824007473773985
0.001721901802052235 0.007745573064435967
0.0023003461792186503 0.008700365792422388
0.0029015696078863807 0.00968906650115773
0.003525974275336605 0.010712333491860092
0.004173909187226189 0.011770799997761261
0.00484566239658436 0.012865071658275882
0.005541452830007793 0.013995723996890391
0.006261421754631133 0.01516329990264811
0.0070056239413731 0.01636830711038624
0.00777401859734051 0.01761121568013261
0.008566461362463935 0.018892454564346548
0.009381541824260136 0.02021026712960076
0.010210339018481895 0.02155022677894443
0.011064477953919308 0.02293104250734156
0.011944562993489425 0.02435359040512893
0.012851203879348624 0.0258187379657947
0.013785015337463524 0.0273273415557043
0.014746616686461603 0.02888024374845734
0.015736631433661885 0.03047827049612523
0.016755686858638433 0.03212222813570006
0.017804413584492074 0.03381290022994399
0.018883445136764494 0.03555104424277724
0.019993417489641507 0.03733738805042532
0.021134968592101257 0.03917262628007781
0.022308737915899036 0.04105741654892096
0.023512156553376927 0.04298723248585955
0.024720812227449155 0.04492259272581611
0.025933229983381656 0.046861025123955166
0.027156668570569257 0.04881414355681986
0.028398649249733485 0.05079391793318076
0.029667146894736728 0.05281297178659621
0.030970802611427806 0.0548849159897469
0.03231917279542229 0.0570247365115381
0.033723030618445705 0.059249260879356856
0.03519474128478442 0.06157773602464383
0.036748740435771615 0.06403256231499038
0.03840215720310866 0.06664024690678719
0.040175641784853146 0.06943266778683088
0.04201554538022304 0.07232472249503112
0.0438795106795166 0.07524941271083711
0.04578639777013106 0.07823596794952047
0.047755697327676525 0.08131436732231277
0.04980938145482395 0.08451818923857184
0.05197296571396427 0.08788618773143664
0.05427690582184906 0.0914643463490922
0.05675850148045125 0.09530865716175177
0.059464528497318404 0.09948903640107469
0.06245508848965109 0.10409494836299306
0.06580943644402082 0.10924371690563306
0.06963493865099575 0.11509331858238306
0.0739482973637675 0.12166049644530305
0.07829574175990336 0.12824921470399606
0.08260354828109197 0.13474784846382906
0.0868467156974133 0.14111981096305906
0.09100176116906229 0.14733141465073205
0.09504726892990616 0.15335248316678304
0.09896422717242358 0.15915688063878905
0.10273629032265105 0.16472284746868907
0.10634994510553206 0.17003315413538306
0.10979452155023606 0.17507512429016106
0.11310306178051205 0.17989984685045005
0.11625838604247105 0.18448471353147905
0.11923962718317405 0.18880199374607107
0.12209499151453605 0.19292371604818506
0.12486570891060805 0.19691079740950207
0.12758853960021507 0.20081695933462806
0.13029779530971808 0.20469177323853205
0.13302710127473408 0.20858323252726305
0.13581108372165407 0.21254015390855804
0.13868714642903807 0.21661467924752906
0.13868714642903807 0.21661467924752906
0.14164433916875807 0.22079015694887205
0.14482662507277808 0.22526772886822705
0.14822499089146707 0.23003145395251906
0.15182453042997407 0.23505719412417805
0.15560428611240307 0.24031253206391007
0.15953747392473305 0.24575714629361406
0.16359194021155107 0.25134381657402105
0.16773103979581808 0.25701990694243904
0.17191483739007407 0.26272928826143305
0.17610151235342106 0.268414592315305
0.18027416087368006 0.27405321384588205
0.18459363974502108 0.279861436773562
0.18908739013057208 0.285873059155804
0.19373828903433707 0.29206162817809705
0.19852612049388407 0.298396938069005
0.20342781369707608 0.304845556255166
0.20841774176824207 0.31137154154776503
0.21346823386421807 0.31793720664275904
0.21855022534939805 0.32450393271889105
0.22363394128492206 0.33103305534666905
0.22868960104951006 0.33748676335730504
0.23368807821761406 0.34382898884295504
0.23864475341152006 0.350080489577311
0.24368246588436507 0.35639580396686904
0.24880498229352907 0.362777798519377
0.2539968188806951 0.36920545789325804
0.2592415522865841 0.37565717952111105
0.26452204109772104 0.382111045498638
0.2698206644934081 0.38854510560030403
0.27511953952736407 0.39493768981697003
0.28040076687860604 0.401267695852392
0.2856466889424081 0.407514850452706
0.2908458873565021 0.41366659113208604
0.29612524557648506 0.419872547693991
0.30160840061848004 0.426274608564977
0.30727221496030205 0.432841263402925
0.3130894773541131 0.43953751295394
0.31902953210348206 0.44632537875917105
0.32505922120848707 0.453164412126824
0.33114383010475706 0.46001241814459803
0.33724731804752706 0.466826968416154
0.34333181110721805 0.473567673151681
0.34935857307523804 0.48019713337083203
0.3552909628878891 0.48667995992845303
0.36111605707563504 0.49299540230002203
0.36696850055699004 0.499274330498775
0.3728998183975011 0.50555829265689
0.37889238945828907 0.511839787042088
0.3849217770702881 0.5181175662523241
0.39096788529255605 0.524386174884457
0.39702674739896104 0.5306245721768811
0.40309817815260907 0.536807983028166
0.40917533243114607 0.542918230652217
0.41524053137118505 0.5489483693821681
0.42127557141414507 0.554892897581666
0.42726636357850106 0.56074319307506
0.43320251474999105 0.566487973442498
0.43907393391573807 0.572116857439376
0.44488268535956904 0.577633717800635
0.45065272918749605 0.583064090303856
0.45634512746660305 0.588374041111022
0.46196038465465805 0.59356631361292
0.46749919938931606 0.598643402117166
0.47296224246111007 0.6036077888876701
0.4783500063277131 0.608462112706584
0.48366292049678605 0.613209046558714
0.4889014498531571 0.617851189568373
0.49406614011255806 0.6223910142405761
0.49915759596009707 0.626830889011562
0.5041764376065291 0.631173126574863
0.5091233181807081 0.6354199633462411
0.513998934665116 0.6395735458656631
0.518803993245866 0.6436359705265771
0.523539193841824 0.647609300782906
0.528205164668735 0.651495650397965
0.532823064664904 0.655314064386295
0.537313734443788 0.6590009706768251
0.5416769109891081 0.662558598552377
0.5459277933760011 0.666001416925396
0.550080310214989 0.66934244843987
0.5541472985240571 0.6725935078236001
0.558140667691525 0.675765393381599
0.5620715200853611 0.6788680796408171
0.5659503134299211 0.681910813961325
0.569786991813595 0.684902216698545
0.5735910914573361 0.687850384807564
0.5773718478678781 0.690762970985467
0.581138286863743 0.6936472659310661
0.584899299951238 0.696510287974188
0.588663727689352 0.6993588534428811
0.5924404450093421 0.702199639014929
0.5962349984672181 0.7050366505513981
0.6000788196807341 0.707892957138564
0.6039696189203361 0.710766222742247
0.6078702613789171 0.713628659169366
0.6117431721876121 0.7164529758728311
0.6155517347618431 0.719213462877276
0.6192617489430821 0.721886760467389
0.6228426134432931 0.72445256567948
0.626268240040976 0.726894115671592
0.629517860802513 0.729198139728241
0.6325761280806711 0.731355116965406
0.6354328348800911 0.733359449142797
0.638082624160284 0.7352091343481301
0.640524519654722 0.736905308653548
0.6427613279552491 0.738451727258251
0.644798807152945 0.739854471936362
0.646645074999809 0.741121313071694
0.6483102266178761 0.74226084881251
0.6498057072370731 0.7432821426418831
0.651143751987695 0.744194442564851
0.6523369222332681 0.745006950500347
0.6533977367320151 0.745728640310884
0.6543383903981571 0.746368120653512
0.655170550208733 0.746933537520534
0.6559052164255761 0.747432510690883
0.656552637230275 0.74787209819364
0.657122265653667 0.7482587831609651
0.657622748874208 0.748598477930503
0.658061941476194 0.748896540958171
0.6584469356429371 0.749157802747068
0.658784102676044 0.749386597713359
0.6590791414357141 0.749586799531088
0.6593371303427 0.749761858057296
0.6593371303427 0.749761858057296
0.6595852200489101 0.749929424166313
0.6598333205787541 0.750081768377047
0.6600857858691711 0.7502107984587241
0.660340377926204 0.7503184115631051
0.6605957270090651 0.750405366181063
0.6608505085238101 0.750472695407096
0.6611035798921101 0.750521381664371
0.661353941411928 0.7505523927230631
0.661600720964134 0.750566671277701
0.6618431589125531 0.7505651295701881
0.662080594231453 0.750548646651175
0.6623124523680821 0.750518066398689
0.6625382342839311 0.7504741961197761
0.662757506764419 0.7504178065954741
0.662969893777674 0.750349632323584
0.663175068728521 0.7502703721007931
0.6633727477300191 0.750180690440169
0.663562683621973 0.750081219005828
0.6637446603810221 0.749972557750469
0.6639184885493541 0.7498552769754341
0.664084000993153 0.7497299191219841
0.664241049076239 0.749597000478629
0.664389499502508 0.7494570133330201
0.664529231296043 0.749310427762581
0.664660181041486 0.749157634987901
0.6647885582618671 0.748990357760783
0.6649224733509641 0.74879278757788
0.6650585958601891 0.748559966179674
0.6651919484799431 0.748286615189594
0.6653154424303991 0.747967437102911
0.665419377252711 0.7475976248416131
0.6654909672837561 0.74717365597228
0.6655140016404221 0.746694444718197
0.6654688172880731 0.746162903878284
0.665332834743879 0.745587903731676
0.6650819727768771 0.744986496071379
0.664692550248523 0.744386762861834
0.664171635322488 0.743803132789865
0.6635957522133751 0.743178272313734
0.6629716741432461 0.742505997593394
0.6622997850913681 0.741787547031169
0.661581563970511 0.7410251775268061
0.6608196727103901 0.740222241144491
0.66001801913846 0.739383190805297
0.659181755822787 0.7385135299052741
0.658317204060454 0.7376197027697751
0.6574316985492671 0.736708927763172
0.6565333572709431 0.7357889809124271
0.6556307899732201 0.7348679427256161
0.6547327667758781 0.733953924819817
0.6538453582981041 0.7330522404599921
0.6529565782921251 0.73214989504342
0.652062094158195 0.731241703147426
0.651162456189982 0.7303274136005731
0.6502582343174421 0.729406765423826
0.6493500150439101 0.7284794922915341
0.6484381916435551 0.727545527968247
0.6475228611714211 0.7266051043459231
0.6466040939095931 0.7256584869231061
0.645681959352387 0.724705948798916
0.6447565258911361 0.72374777080463
0.6438278608770971 0.722784241261202
0.6428960306961331 0.7218156557217901
0.6419611008549481 0.720842316699576
0.641023136078635 0.719864533381237
0.640082200419199 0.718882621326418
0.639138357374682 0.717896902153585
0.6381916700184571 0.7169077032126521
0.6372422011381711 0.715915357244816
0.6362900133838121 0.714920202030033
0.6353351694204471 0.713922580026242
0.63437773507237 0.712922835139673
0.633418219551366 0.7119216081291591
0.6324459623084581 0.710907722617131
0.631452210346627 0.709872003089267
0.630435068918287 0.708812427711355
0.6293925002693621 0.70772681857415
0.6283223062685671 0.706612821615283
0.6272221087634581 0.705467883738473
0.6260893272902821 0.704289226630142
0.624921153696066 0.703073816670376
0.623714523148287 0.701818330208358
0.6224660809066551 0.7005191133142961
0.6211721441086011 0.69917213492174
0.619828657921578 0.6977729317828071
0.618431111843412 0.696316575376712
0.6169744024572911 0.694797670467878
0.615452814553035 0.693210216237461
0.6138599442686411 0.691547494230895
0.6121885875898241 0.6898019542066041
0.610473156938907 0.688009547187389
0.6086693572512131 0.6861240178607211
0.606767206115366 0.684134952838255
0.604757604549175 0.682032889153798
0.602630330202206 0.679807155293381
0.6003739326362181 0.677445600659484
0.5979754586665531 0.674934412847881
0.5954201779547521 0.672257842011872
0.5926912682734341 0.669397846799448
0.5926912682734341 0.66939784679945
0.5898627553679261 0.6664315639798201
0.5868033462073291 0.6632207810513701
0.583501802899248 0.65975318978647
0.57994776389848 0.65601741464127
0.5761320792365141 0.6520033345444801
0.572047163671188 0.6477024438534801
0.567687497673043 0.6431081150038301
0.5630500058536131 0.6382160001162901
0.5581343718814351 0.6330244895273401
0.5529433126514061 0.62753517399196
0.547482810286916 0.6217532773439601
0.5417685111369621 0.61569427703129
0.5359196457981691 0.6094835602488101
0.529807501545681 0.6029830856195101
0.5234341802872071 0.59619329107906
0.5168035785022641 0.58911657201762
0.509921544386524 0.5817573827160801
0.5027959432034961 0.5741223820989599
0.49543672106432807 0.56622052918102
0.48785606351720506 0.5580630298461601
0.4800769372098961 0.5496725000556001
0.47219129268588106 0.54114611648184
0.4641046881427361 0.5323793489991201
0.4558290294322361 0.5233828631382901
0.44737726305058906 0.5141693726953199
0.43876429568870307 0.5047527203721099
0.43000691435360705 0.49514783804692997
0.4211224613147221 0.48537179524225993
0.41212912015273806 0.4754433266919901
0.40305235065971307 0.46538752389967997
0.39421324805459507 0.45556368933153013
0.38590995753626206 0.4463211118904201
0.3779454416082161 0.4374515158176101
0.3701562586728301 0.4287722872963601
0.36239300032630306 0.4201155329132501
0.35450781111766305 0.4113154709988901
0.3463432711435901 0.40219518332035
0.33771932037168706 0.3925517647454001
0.3284874114657771 0.38221628424380005
0.31941802492568505 0.372048382626209
0.31094559403284705 0.362534984627911
0.30289219085057306 0.35347799058418605
0.29510963086711806 0.344711908177484
0.2874678164071371 0.33609075476139405
0.2798457263412121 0.32747786844012006
0.2721238965030341 0.318736834308309
0.26417670084723704 0.3097228100474271
0.25586340838354205 0.30027299841415
0.24732429369007605 0.29054418306849805
0.23904953224082706 0.2810941957396891
0.23103090412696506 0.27191444879514803
0.22321302299788506 0.262942138115111
0.21554550463369007 0.25411963197380305
0.20798149714236105 0.245393006922789
0.20047628541876605 0.2367108730658121
0.19298644178010507 0.2280229486760931
0.18546914682512505 0.21927860138232105
0.17788117409156406 0.21042569179526607
0.17019719046634207 0.20143250333244103
0.16271008842615006 0.19264146224985704
0.15562142339981105 0.18429172502073102
0.14888963324567106 0.17633770728153011
0.14247832049993306 0.1687393454828611
0.13635542531833006 0.1614612706311961
0.13049255553775507 0.15447211888896809
0.12486447770112405 0.14774392178729903
0.11944868227744306 0.14125160706170006
0.11422502122806505 0.13497257849329006
0.10917535384862005 0.1288864020210241
0.10428327313460305 0.12297451711355703
0.09953391845875463 0.11721995264239607
0.09491375857957969 0.11160713010538506
0.0904103890747027 0.10612170658514111
0.0859989284014406 0.10073400512688305
0.08164734177907756 0.09540575444379909
0.07738983388116029 0.09017993783642711
0.0732381749734913 0.08507225678738808
0.06920283660625551 0.08009684371430406
0.06529337802129866 0.07526577567269901
0.061518376120695994 0.07058902605154707
0.05788481631929046 0.06607491659490908
0.0543980767065807 0.06173014802249701
0.0510619444320654 0.057559859342325013
0.04787770078945593 0.05356847587138005
0.044844543094106265 0.04975952467651503
0.041960906835575434 0.04613477093334708
0.03922459330755684 0.042694333495981084
0.03663283117071893 0.039436865625789096
0.03418232938110518 0.036359748005436086
0.03186999415728659 0.03345875146804502
0.029693950155454975 0.030727448983756032
0.027651572090360035 0.028159008291213004
0.025739208042252597 0.025746621769855003
0.023952412806431286 0.023483511689207058
0.022286149679851527 0.021362941651802102
0.020734965347401477 0.01937823095559501
0.019293139045259877 0.0175227715128631
0.017954807737620485 0.015790046651463018
0.016714069268179706 0.01417365081405011
0.015565045701571294 0.012667325076109038
0.014500773788142816 0.011265867368014071
0.013509454141714367 0.009959684388257029
0.012692200831737766 0.00888547353828908
0.011994879426966875 0.00797273736801909
0.011375682078911546 0.0071664763914060185
0.010806232008487928 0.006429386316985109
0.010265477315928473 0.00573403586373602
0.009736167938950917 0.005058338141014107
0.009202491546826352 0.004382567642588065
0.008648114954207888 0.0036870030031970424
0.008064682801033547 0.0029626520781220965
0.007495604240549104 0.0022642680751070675
0.006946006056630907 0.0015977912993150544
0.006385462264293371 0.0009799180596670397
0.005730591182135284 0.0004996843605730382
0.0050031014640630565 0.00017330321730704137
0.004232337727723344 5.901115439099682e-06
0.003446368293134945 9.999999960041972e-13
0.00267288056131057 0.00015590257298305757
0.0019400471885504594 0.0004716922179890614
0.0012773745129930677 0.0009427900098050389
0.0007164770654170581 0.0015610200369050808
0.00029168051868343507 0.002313080556048086
4.026403966738107e-05 0.003178264606810055